# Blender 3.5.1
# www.blender.org
mtllib babi.mtl
o Pig.001
v 4.378655 -0.465582 -6.964026
v 4.574496 -0.465582 -7.018217
v 4.324464 -0.465582 -7.159866
v 4.520305 -0.465582 -7.214057
v 4.378655 -0.262382 -6.964026
v 4.574496 -0.262382 -7.018217
v 4.324464 -0.262382 -7.159866
v 4.520305 -0.262382 -7.214057
vn -0.0000 -1.0000 -0.0000
vn -0.0000 1.0000 -0.0000
vn 0.2667 -0.0000 0.9638
vn 0.9638 -0.0000 -0.2667
vn -0.2667 -0.0000 -0.9638
vn -0.9638 -0.0000 0.2667
vt 0.250000 0.875000
vt 0.125000 0.750000
vt 0.375000 0.875000
vt 0.250000 0.750000
vt 0.000000 0.750000
vt 0.250000 1.000000
vt 0.500000 0.750000
vt 0.375000 1.000000
vt 0.375000 0.750000
vt 0.125000 0.875000
vt 0.250000 0.875000
vt 0.125000 1.000000
vt 0.500000 0.875000
vt 0.000000 0.875000
vt 0.250000 1.000000
vt 0.375000 0.875000
s 1
usemtl 02_-_Default.004
f 3/6/1 2/3/1 1/1/1
f 6/11/2 7/12/2 5/10/2
f 2/4/3 5/10/3 1/2/3
f 4/9/4 6/11/4 2/4/4
f 3/7/5 8/16/5 4/9/5
f 1/2/6 7/14/6 3/5/6
f 3/6/1 4/8/1 2/3/1
f 6/11/2 8/15/2 7/12/2
f 2/4/3 6/11/3 5/10/3
f 4/9/4 8/16/4 6/11/4
f 3/7/5 7/13/5 8/16/5
f 1/2/6 5/10/6 7/14/6
o Pig.004
v 4.427616 -0.440182 -6.977573
v 4.427616 -0.363982 -6.977573
v 4.525536 -0.440182 -7.004669
v 4.434390 -0.440182 -6.953094
v 4.532310 -0.440182 -6.980189
v 4.434390 -0.363982 -6.953094
v 4.532310 -0.363982 -6.980189
v 4.525536 -0.363982 -7.004669
vn -0.9638 -0.0000 0.2667
vn -0.0000 -1.0000 -0.0000
vn 0.2667 -0.0000 0.9638
vn -0.0000 1.0000 -0.0000
vn 0.9638 -0.0000 -0.2667
vt 0.328000 0.750000
vt 0.250000 0.687500
vt 0.250000 0.733957
vt 0.265943 0.750000
vt 0.343000 0.687500
vt 0.387500 0.750000
vt 0.265943 0.687500
vt 0.328000 0.734000
vt 0.387500 0.734000
vt 0.328000 0.687500
vt 0.265943 0.733957
vt 0.328000 0.734000
vt 0.328000 0.750000
vt 0.343000 0.734000
s 1
usemtl 02_-_Default.004
f 10/19/7 12/23/7 14/27/7
f 11/22/8 12/24/8 9/17/8
f 13/26/9 14/27/9 12/23/9
f 10/20/10 15/28/10 16/29/10
f 16/30/11 13/26/11 11/21/11
f 10/19/7 9/18/7 12/23/7
f 11/22/8 13/25/8 12/24/8
f 13/26/9 15/28/9 14/27/9
f 10/20/10 14/27/10 15/28/10
f 16/30/11 15/28/11 13/26/11
o Pig.003
v 4.313532 -0.516382 -7.104132
v 4.205150 -0.516382 -7.495814
v 4.558332 -0.516382 -7.171871
v 4.313532 -0.313182 -7.104132
v 4.558332 -0.313182 -7.171871
v 4.205150 -0.313182 -7.495814
v 4.449950 -0.313182 -7.563553
v 4.449950 -0.516382 -7.563553
vn -0.9638 -0.0000 0.2667
vn -0.0000 -1.0000 -0.0000
vn 0.2667 -0.0000 0.9638
vn -0.0000 1.0000 -0.0000
vn -0.2667 -0.0000 -0.9638
vn 0.9638 -0.0000 -0.2667
vt 0.562500 0.750000
vt 0.562500 0.500000
vt 0.726033 0.750000
vt 0.725000 0.750000
vt 1.000000 0.750000
vt 0.437491 0.750000
vt 0.562500 0.875000
vt 0.725000 0.875000
vt 0.850000 0.750000
vt 0.437500 0.500000
vt 1.000000 0.500000
vt 0.726044 0.875000
vt 0.876033 0.875000
vt 0.850000 0.500000
vt 0.876033 0.750000
vt 0.725000 0.500000
s 1
usemtl 02_-_Default.004
f 17/31/12 22/40/12 18/32/12
f 18/32/13 19/34/13 17/31/13
f 19/34/14 20/37/14 17/31/14
f 21/39/15 22/41/15 20/35/15
f 18/33/16 23/43/16 24/45/16
f 24/46/17 21/39/17 19/34/17
f 17/31/12 20/36/12 22/40/12
f 18/32/13 24/46/13 19/34/13
f 19/34/14 21/38/14 20/37/14
f 21/39/15 23/44/15 22/41/15
f 18/33/16 22/42/16 23/43/16
f 24/46/17 23/44/17 21/39/17
o Pig.005
v 4.279662 -0.668782 -7.226533
v 4.279662 -0.516382 -7.226533
v 4.377583 -0.668782 -7.253628
v 4.306758 -0.668782 -7.128613
v 4.404678 -0.668782 -7.155708
v 4.306758 -0.516382 -7.128613
v 4.404678 -0.516382 -7.155708
v 4.377583 -0.516382 -7.253628
vn -0.9638 -0.0000 0.2667
vn -0.2667 -0.0000 -0.9638
vn -0.0000 -1.0000 -0.0000
vn 0.2667 -0.0000 0.9638
vn -0.0000 1.0000 -0.0000
vn 0.9638 -0.0000 -0.2667
vt 0.250000 0.600000
vt 0.125000 0.750008
vt 0.000000 0.600000
vt 0.000000 0.687500
vt 0.250000 0.687500
vt 0.062500 0.750000
vt 0.187500 0.750008
vt 0.187500 0.600000
vt 0.062500 0.600000
vt 0.125000 0.687508
vt 0.187500 0.687508
vt 0.125000 0.600000
vt 0.062500 0.687500
vt 0.125000 0.687500
vt 0.125000 0.750008
vt 0.187500 0.687500
s 1
usemtl 02_-_Default.004
f 25/49/18 30/59/18 26/50/18
f 26/51/19 27/54/19 25/47/19
f 27/53/20 28/56/20 25/48/20
f 29/58/21 30/59/21 28/55/21
f 26/52/22 31/60/22 32/61/22
f 27/54/23 31/60/23 29/58/23
f 25/49/18 28/55/18 30/59/18
f 26/51/19 32/62/19 27/54/19
f 27/53/20 29/57/20 28/56/20
f 29/58/21 31/60/21 30/59/21
f 26/52/22 30/59/22 31/60/22
f 27/54/23 32/62/23 31/60/23
o Pig.006
v 4.426543 -0.668782 -7.267176
v 4.426543 -0.516382 -7.267176
v 4.524463 -0.668782 -7.294272
v 4.453639 -0.668782 -7.169256
v 4.551559 -0.668782 -7.196352
v 4.453639 -0.516382 -7.169256
v 4.551559 -0.516382 -7.196352
v 4.524463 -0.516382 -7.294272
vn -0.9638 -0.0000 0.2667
vn -0.2667 -0.0000 -0.9638
vn -0.0000 -1.0000 -0.0000
vn 0.2667 -0.0000 0.9638
vn -0.0000 1.0000 -0.0000
vn 0.9638 -0.0000 -0.2667
vt 0.250000 0.600000
vt 0.125000 0.750008
vt 0.000000 0.600000
vt 0.000000 0.687500
vt 0.250000 0.687500
vt 0.062500 0.750000
vt 0.187500 0.750008
vt 0.187500 0.600000
vt 0.062500 0.600000
vt 0.125000 0.687508
vt 0.187500 0.687508
vt 0.125000 0.600000
vt 0.062500 0.687500
vt 0.125000 0.687500
vt 0.125000 0.750008
vt 0.187500 0.687500
s 1
usemtl 02_-_Default.004
f 33/65/24 38/75/24 34/66/24
f 34/67/25 35/70/25 33/63/25
f 35/69/26 36/72/26 33/64/26
f 37/74/27 38/75/27 36/71/27
f 34/68/28 39/76/28 40/77/28
f 35/70/29 39/76/29 37/74/29
f 33/65/24 36/71/24 38/75/24
f 34/67/25 40/78/25 35/70/25
f 35/69/26 37/73/26 36/72/26
f 37/74/27 39/76/27 38/75/27
f 34/68/28 38/75/28 39/76/28
f 35/70/29 40/78/29 39/76/29
o Pig.007
v 4.198376 -0.668782 -7.520294
v 4.198376 -0.516382 -7.520294
v 4.296296 -0.668782 -7.547390
v 4.225471 -0.668782 -7.422373
v 4.323391 -0.668782 -7.449469
v 4.225471 -0.516382 -7.422373
v 4.323391 -0.516382 -7.449469
v 4.296296 -0.516382 -7.547390
vn -0.9638 -0.0000 0.2667
vn -0.2667 -0.0000 -0.9638
vn -0.0000 -1.0000 -0.0000
vn 0.2667 -0.0000 0.9638
vn -0.0000 1.0000 -0.0000
vn 0.9638 -0.0000 -0.2667
vt 0.250000 0.600000
vt 0.125000 0.750008
vt 0.000000 0.600000
vt 0.000000 0.687500
vt 0.250000 0.687500
vt 0.062500 0.750000
vt 0.187500 0.750008
vt 0.187500 0.600000
vt 0.062500 0.600000
vt 0.125000 0.687508
vt 0.187500 0.687508
vt 0.125000 0.600000
vt 0.062500 0.687500
vt 0.125000 0.687500
vt 0.125000 0.750008
vt 0.187500 0.687500
s 1
usemtl 02_-_Default.004
f 41/81/30 46/91/30 42/82/30
f 42/83/31 43/86/31 41/79/31
f 43/85/32 44/88/32 41/80/32
f 45/90/33 46/91/33 44/87/33
f 42/84/34 47/92/34 48/93/34
f 43/86/35 47/92/35 45/90/35
f 41/81/30 44/87/30 46/91/30
f 42/83/31 48/94/31 43/86/31
f 43/85/32 45/89/32 44/88/32
f 45/90/33 47/92/33 46/91/33
f 42/84/34 46/91/34 47/92/34
f 43/86/35 48/94/35 47/92/35
o Pig.008
v 4.345256 -0.668782 -7.560937
v 4.345256 -0.516382 -7.560937
v 4.443176 -0.668782 -7.588033
v 4.372352 -0.668782 -7.463017
v 4.470272 -0.668782 -7.490112
v 4.372352 -0.516382 -7.463017
v 4.470272 -0.516382 -7.490112
v 4.443176 -0.516382 -7.588033
vn -0.9638 -0.0000 0.2667
vn -0.2667 -0.0000 -0.9638
vn -0.0000 -1.0000 -0.0000
vn 0.2667 -0.0000 0.9638
vn -0.0000 1.0000 -0.0000
vn 0.9638 -0.0000 -0.2667
vt 0.250000 0.600000
vt 0.125000 0.750008
vt 0.000000 0.600000
vt 0.000000 0.687500
vt 0.250000 0.687500
vt 0.062500 0.750000
vt 0.187500 0.750008
vt 0.187500 0.600000
vt 0.062500 0.600000
vt 0.125000 0.687508
vt 0.187500 0.687508
vt 0.125000 0.600000
vt 0.062500 0.687500
vt 0.125000 0.687500
vt 0.125000 0.750008
vt 0.187500 0.687500
s 1
usemtl 02_-_Default.004
f 49/97/36 54/107/36 50/98/36
f 50/99/37 51/102/37 49/95/37
f 51/101/38 52/104/38 49/96/38
f 53/106/39 54/107/39 52/103/39
f 50/100/40 55/108/40 56/109/40
f 51/102/41 55/108/41 53/106/41
f 49/97/36 52/103/36 54/107/36
f 50/99/37 56/110/37 51/102/37
f 51/101/38 53/105/38 52/104/38
f 53/106/39 55/108/39 54/107/39
f 50/100/40 54/107/40 55/108/40
f 51/102/41 56/110/41 55/108/41
o Pig
v 6.487718 -0.465582 -9.026312
v 6.496457 -0.465582 -9.229323
v 6.284706 -0.465582 -9.035050
v 6.293445 -0.465582 -9.238062
v 6.487718 -0.262382 -9.026312
v 6.496457 -0.262382 -9.229323
v 6.284706 -0.262382 -9.035050
v 6.293445 -0.262382 -9.238062
vn -0.0000 -1.0000 -0.0000
vn -0.0000 1.0000 -0.0000
vn 0.9991 -0.0000 0.0430
vn 0.0430 -0.0000 -0.9991
vn -0.9991 -0.0000 -0.0430
vn -0.0430 -0.0000 0.9991
vt 0.250000 0.875000
vt 0.125000 0.750000
vt 0.375000 0.875000
vt 0.250000 0.750000
vt 0.000000 0.750000
vt 0.250000 1.000000
vt 0.500000 0.750000
vt 0.375000 1.000000
vt 0.375000 0.750000
vt 0.125000 0.875000
vt 0.250000 0.875000
vt 0.125000 1.000000
vt 0.500000 0.875000
vt 0.000000 0.875000
vt 0.250000 1.000000
vt 0.375000 0.875000
s 1
usemtl 02_-_Default.003
f 59/116/42 58/113/42 57/111/42
f 62/121/43 63/122/43 61/120/43
f 58/114/44 61/120/44 57/112/44
f 60/119/45 62/121/45 58/114/45
f 59/117/46 64/126/46 60/119/46
f 57/112/47 63/124/47 59/115/47
f 59/116/42 60/118/42 58/113/42
f 62/121/43 64/125/43 63/122/43
f 58/114/44 62/121/44 61/120/44
f 60/119/45 64/126/45 62/121/45
f 59/117/46 63/123/46 64/126/46
f 57/112/47 61/120/47 63/124/47
o Pig.010
v 6.489902 -0.440182 -9.077065
v 6.489902 -0.363982 -9.077065
v 6.494272 -0.440182 -9.178571
v 6.515279 -0.440182 -9.075973
v 6.519649 -0.440182 -9.177478
v 6.515279 -0.363982 -9.075973
v 6.519649 -0.363982 -9.177478
v 6.494272 -0.363982 -9.178571
vn -0.0430 -0.0000 0.9991
vn -0.0000 -1.0000 -0.0000
vn 0.9991 -0.0000 0.0430
vn -0.0000 1.0000 -0.0000
vn 0.0430 -0.0000 -0.9991
vt 0.328000 0.750000
vt 0.250000 0.687500
vt 0.250000 0.733957
vt 0.265943 0.750000
vt 0.343000 0.687500
vt 0.387500 0.750000
vt 0.265943 0.687500
vt 0.328000 0.734000
vt 0.387500 0.734000
vt 0.328000 0.687500
vt 0.265943 0.733957
vt 0.328000 0.734000
vt 0.328000 0.750000
vt 0.343000 0.734000
s 1
usemtl 02_-_Default.003
f 66/129/48 68/133/48 70/137/48
f 67/132/49 68/134/49 65/127/49
f 69/136/50 70/137/50 68/133/50
f 66/130/51 71/138/51 72/139/51
f 72/140/52 69/136/52 67/131/52
f 66/129/48 65/128/48 68/133/48
f 67/132/49 69/135/49 68/134/49
f 69/136/50 71/138/50 70/137/50
f 66/130/51 70/137/51 71/138/51
f 72/140/52 71/138/52 69/136/52
o Pig.009
v 6.334366 -0.516382 -9.007489
v 5.928342 -0.516382 -9.024967
v 6.345290 -0.516382 -9.261254
v 6.334366 -0.313182 -9.007489
v 6.345290 -0.313182 -9.261254
v 5.928342 -0.313182 -9.024967
v 5.939266 -0.313182 -9.278732
v 5.939266 -0.516382 -9.278732
vn -0.0430 -0.0000 0.9991
vn -0.0000 -1.0000 -0.0000
vn 0.9991 -0.0000 0.0430
vn -0.0000 1.0000 -0.0000
vn -0.9991 -0.0000 -0.0430
vn 0.0430 -0.0000 -0.9991
vt 0.562500 0.750000
vt 0.562500 0.500000
vt 0.726033 0.750000
vt 0.725000 0.750000
vt 1.000000 0.750000
vt 0.437491 0.750000
vt 0.562500 0.875000
vt 0.725000 0.875000
vt 0.850000 0.750000
vt 0.437500 0.500000
vt 1.000000 0.500000
vt 0.726044 0.875000
vt 0.876033 0.875000
vt 0.850000 0.500000
vt 0.876033 0.750000
vt 0.725000 0.500000
s 1
usemtl 02_-_Default.003
f 73/141/53 78/150/53 74/142/53
f 74/142/54 75/144/54 73/141/54
f 75/144/55 76/147/55 73/141/55
f 77/149/56 78/151/56 76/145/56
f 74/143/57 79/153/57 80/155/57
f 80/156/58 77/149/58 75/144/58
f 73/141/53 76/146/53 78/150/53
f 74/142/54 80/156/54 75/144/54
f 75/144/55 77/148/55 76/147/55
f 77/149/56 79/154/56 78/151/56
f 74/143/57 78/152/57 79/153/57
f 80/156/58 79/154/58 77/149/58
o Pig.011
v 6.207484 -0.668782 -9.012951
v 6.207484 -0.516382 -9.012951
v 6.211853 -0.668782 -9.114457
v 6.308990 -0.668782 -9.008581
v 6.313359 -0.668782 -9.110087
v 6.308990 -0.516382 -9.008581
v 6.313359 -0.516382 -9.110087
v 6.211854 -0.516382 -9.114457
vn -0.0430 -0.0000 0.9991
vn -0.9991 -0.0000 -0.0430
vn -0.0000 -1.0000 -0.0000
vn 0.9991 -0.0000 0.0430
vn -0.0000 1.0000 -0.0000
vn 0.0430 -0.0000 -0.9991
vt 0.250000 0.600000
vt 0.125000 0.750008
vt 0.000000 0.600000
vt 0.000000 0.687500
vt 0.250000 0.687500
vt 0.062500 0.750000
vt 0.187500 0.750008
vt 0.187500 0.600000
vt 0.062500 0.600000
vt 0.125000 0.687508
vt 0.187500 0.687508
vt 0.125000 0.600000
vt 0.062500 0.687500
vt 0.125000 0.687500
vt 0.125000 0.750008
vt 0.187500 0.687500
s 1
usemtl 02_-_Default.003
f 81/159/59 86/169/59 82/160/59
f 82/161/60 83/164/60 81/157/60
f 83/163/61 84/166/61 81/158/61
f 85/168/62 86/169/62 84/165/62
f 82/162/63 87/170/63 88/171/63
f 83/164/64 87/170/64 85/168/64
f 81/159/59 84/165/59 86/169/59
f 82/161/60 88/172/60 83/164/60
f 83/163/61 85/167/61 84/166/61
f 85/168/62 87/170/62 86/169/62
f 82/162/63 86/169/63 87/170/63
f 83/164/64 88/172/64 87/170/64
o Pig.012
v 6.214038 -0.668782 -9.165210
v 6.214038 -0.516382 -9.165210
v 6.218408 -0.668782 -9.266716
v 6.315544 -0.668782 -9.160840
v 6.319913 -0.668782 -9.262346
v 6.315544 -0.516382 -9.160840
v 6.319913 -0.516382 -9.262346
v 6.218408 -0.516382 -9.266716
vn -0.0430 -0.0000 0.9991
vn -0.9991 -0.0000 -0.0430
vn -0.0000 -1.0000 -0.0000
vn 0.9991 -0.0000 0.0430
vn -0.0000 1.0000 -0.0000
vn 0.0430 -0.0000 -0.9991
vt 0.250000 0.600000
vt 0.125000 0.750008
vt 0.000000 0.600000
vt 0.000000 0.687500
vt 0.250000 0.687500
vt 0.062500 0.750000
vt 0.187500 0.750008
vt 0.187500 0.600000
vt 0.062500 0.600000
vt 0.125000 0.687508
vt 0.187500 0.687508
vt 0.125000 0.600000
vt 0.062500 0.687500
vt 0.125000 0.687500
vt 0.125000 0.750008
vt 0.187500 0.687500
s 1
usemtl 02_-_Default.003
f 89/175/65 94/185/65 90/176/65
f 90/177/66 91/180/66 89/173/66
f 91/179/67 92/182/67 89/174/67
f 93/184/68 94/185/68 92/181/68
f 90/178/69 95/186/69 96/187/69
f 91/180/70 95/186/70 93/184/70
f 89/175/65 92/181/65 94/185/65
f 90/177/66 96/188/66 91/180/66
f 91/179/67 93/183/67 92/182/67
f 93/184/68 95/186/68 94/185/68
f 90/178/69 94/185/69 95/186/69
f 91/180/70 96/188/70 95/186/70
o Pig.013
v 5.902966 -0.668782 -9.026059
v 5.902966 -0.516382 -9.026059
v 5.907335 -0.668782 -9.127565
v 6.004472 -0.668782 -9.021689
v 6.008842 -0.668782 -9.123196
v 6.004472 -0.516382 -9.021689
v 6.008842 -0.516382 -9.123196
v 5.907335 -0.516382 -9.127565
vn -0.0430 -0.0000 0.9991
vn -0.9991 -0.0000 -0.0430
vn -0.0000 -1.0000 -0.0000
vn 0.9991 -0.0000 0.0430
vn -0.0000 1.0000 -0.0000
vn 0.0430 -0.0000 -0.9991
vt 0.250000 0.600000
vt 0.125000 0.750008
vt 0.000000 0.600000
vt 0.000000 0.687500
vt 0.250000 0.687500
vt 0.062500 0.750000
vt 0.187500 0.750008
vt 0.187500 0.600000
vt 0.062500 0.600000
vt 0.125000 0.687508
vt 0.187500 0.687508
vt 0.125000 0.600000
vt 0.062500 0.687500
vt 0.125000 0.687500
vt 0.125000 0.750008
vt 0.187500 0.687500
s 1
usemtl 02_-_Default.003
f 97/191/71 102/201/71 98/192/71
f 98/193/72 99/196/72 97/189/72
f 99/195/73 100/198/73 97/190/73
f 101/200/74 102/201/74 100/197/74
f 98/194/75 103/202/75 104/203/75
f 99/196/76 103/202/76 101/200/76
f 97/191/71 100/197/71 102/201/71
f 98/193/72 104/204/72 99/196/72
f 99/195/73 101/199/73 100/198/73
f 101/200/74 103/202/74 102/201/74
f 98/194/75 102/201/75 103/202/75
f 99/196/76 104/204/76 103/202/76
o Pig.014
v 5.909520 -0.668782 -9.178318
v 5.909520 -0.516382 -9.178318
v 5.913889 -0.668782 -9.279824
v 6.011026 -0.668782 -9.173949
v 6.015395 -0.668782 -9.275455
v 6.011026 -0.516382 -9.173949
v 6.015395 -0.516382 -9.275455
v 5.913889 -0.516382 -9.279824
vn -0.0430 -0.0000 0.9991
vn -0.9991 -0.0000 -0.0430
vn -0.0000 -1.0000 -0.0000
vn 0.9991 -0.0000 0.0430
vn -0.0000 1.0000 -0.0000
vn 0.0430 -0.0000 -0.9991
vt 0.250000 0.600000
vt 0.125000 0.750008
vt 0.000000 0.600000
vt 0.000000 0.687500
vt 0.250000 0.687500
vt 0.062500 0.750000
vt 0.187500 0.750008
vt 0.187500 0.600000
vt 0.062500 0.600000
vt 0.125000 0.687508
vt 0.187500 0.687508
vt 0.125000 0.600000
vt 0.062500 0.687500
vt 0.125000 0.687500
vt 0.125000 0.750008
vt 0.187500 0.687500
s 1
usemtl 02_-_Default.003
f 105/207/77 110/217/77 106/208/77
f 106/209/78 107/212/78 105/205/78
f 107/211/79 108/214/79 105/206/79
f 109/216/80 110/217/80 108/213/80
f 106/210/81 111/218/81 112/219/81
f 107/212/82 111/218/82 109/216/82
f 105/207/77 108/213/77 110/217/77
f 106/209/78 112/220/78 107/212/78
f 107/211/79 109/215/79 108/214/79
f 109/216/80 111/218/80 110/217/80
f 106/210/81 110/217/81 111/218/81
f 107/212/82 112/220/82 111/218/82
o Pig.002
v 5.146867 -0.459521 -8.029729
v 5.271095 -0.459521 -7.868927
v 5.307670 -0.459521 -8.153957
v 5.431898 -0.459521 -7.993155
v 5.146867 -0.256321 -8.029729
v 5.271095 -0.256321 -7.868927
v 5.307670 -0.256321 -8.153957
v 5.431898 -0.256321 -7.993155
vn -0.0000 -1.0000 -0.0000
vn -0.0000 1.0000 -0.0000
vn -0.7914 -0.0000 0.6114
vn 0.6114 -0.0000 0.7914
vn 0.7914 -0.0000 -0.6114
vn -0.6114 -0.0000 -0.7914
vt 0.250000 0.875000
vt 0.125000 0.750000
vt 0.375000 0.875000
vt 0.250000 0.750000
vt 0.000000 0.750000
vt 0.250000 1.000000
vt 0.500000 0.750000
vt 0.375000 1.000000
vt 0.375000 0.750000
vt 0.125000 0.875000
vt 0.250000 0.875000
vt 0.125000 1.000000
vt 0.500000 0.875000
vt 0.000000 0.875000
vt 0.250000 1.000000
vt 0.375000 0.875000
s 1
usemtl 02_-_Default.007
f 115/226/83 114/223/83 113/221/83
f 118/231/84 119/232/84 117/230/84
f 114/224/85 117/230/85 113/222/85
f 116/229/86 118/231/86 114/224/86
f 115/227/87 120/236/87 116/229/87
f 113/222/88 119/234/88 115/225/88
f 115/226/83 116/228/83 114/223/83
f 118/231/84 120/235/84 119/232/84
f 114/224/85 118/231/85 117/230/85
f 116/229/86 120/236/86 118/231/86
f 115/227/87 119/233/87 120/236/87
f 113/222/88 117/230/88 119/234/88
o Pig.016
v 5.177924 -0.434121 -7.989529
v 5.177924 -0.357921 -7.989529
v 5.240038 -0.434121 -7.909127
v 5.157824 -0.434121 -7.974000
v 5.219938 -0.434121 -7.893599
v 5.157824 -0.357921 -7.974000
v 5.219938 -0.357921 -7.893599
v 5.240038 -0.357921 -7.909127
vn -0.6114 -0.0000 -0.7914
vn -0.0000 -1.0000 -0.0000
vn -0.7914 -0.0000 0.6114
vn -0.0000 1.0000 -0.0000
vn 0.6114 -0.0000 0.7914
vt 0.328000 0.750000
vt 0.250000 0.687500
vt 0.250000 0.733957
vt 0.265943 0.750000
vt 0.343000 0.687500
vt 0.387500 0.750000
vt 0.265943 0.687500
vt 0.328000 0.734000
vt 0.387500 0.734000
vt 0.328000 0.687500
vt 0.265943 0.733957
vt 0.328000 0.734000
vt 0.328000 0.750000
vt 0.343000 0.734000
s 1
usemtl 02_-_Default.007
f 122/239/89 124/243/89 126/247/89
f 123/242/90 124/244/90 121/237/90
f 125/246/91 126/247/91 124/243/91
f 122/240/92 127/248/92 128/249/92
f 128/250/93 125/246/93 123/241/93
f 122/239/89 121/238/89 124/243/89
f 123/242/90 125/245/90 124/244/90
f 125/246/91 127/248/91 126/247/91
f 122/240/92 126/247/92 127/248/92
f 128/250/93 127/248/93 125/246/93
o Pig.015
v 5.251940 -0.510321 -8.143001
v 5.573546 -0.510321 -8.391458
v 5.407226 -0.510321 -7.941998
v 5.251940 -0.307121 -8.143001
v 5.407226 -0.307121 -7.941998
v 5.573546 -0.307121 -8.391458
v 5.728831 -0.307121 -8.190454
v 5.728831 -0.510321 -8.190454
vn -0.6114 -0.0000 -0.7914
vn -0.0000 -1.0000 -0.0000
vn -0.7914 -0.0000 0.6114
vn -0.0000 1.0000 -0.0000
vn 0.7914 -0.0000 -0.6114
vn 0.6114 -0.0000 0.7914
vt 0.562500 0.750000
vt 0.562500 0.500000
vt 0.726033 0.750000
vt 0.725000 0.750000
vt 1.000000 0.750000
vt 0.437491 0.750000
vt 0.562500 0.875000
vt 0.725000 0.875000
vt 0.850000 0.750000
vt 0.437500 0.500000
vt 1.000000 0.500000
vt 0.726044 0.875000
vt 0.876033 0.875000
vt 0.850000 0.500000
vt 0.876033 0.750000
vt 0.725000 0.500000
s 1
usemtl 02_-_Default.007
f 129/251/94 134/260/94 130/252/94
f 130/252/95 131/254/95 129/251/95
f 131/254/96 132/257/96 129/251/96
f 133/259/97 134/261/97 132/255/97
f 130/253/98 135/263/98 136/265/98
f 136/266/99 133/259/99 131/254/99
f 129/251/94 132/256/94 134/260/94
f 130/252/95 136/266/95 131/254/95
f 131/254/96 133/258/96 132/257/96
f 133/259/97 135/264/97 134/261/97
f 130/253/98 134/262/98 135/263/98
f 136/266/99 135/264/99 133/259/99
o Pig.017
v 5.352442 -0.662721 -8.220644
v 5.352442 -0.510321 -8.220644
v 5.414557 -0.662721 -8.140243
v 5.272041 -0.662721 -8.158529
v 5.334155 -0.662721 -8.078128
v 5.272041 -0.510321 -8.158529
v 5.334155 -0.510321 -8.078128
v 5.414557 -0.510321 -8.140243
vn -0.6114 -0.0000 -0.7914
vn 0.7914 -0.0000 -0.6114
vn -0.0000 -1.0000 -0.0000
vn -0.7914 -0.0000 0.6114
vn -0.0000 1.0000 -0.0000
vn 0.6114 -0.0000 0.7914
vt 0.250000 0.600000
vt 0.125000 0.750008
vt 0.000000 0.600000
vt 0.000000 0.687500
vt 0.250000 0.687500
vt 0.062500 0.750000
vt 0.187500 0.750008
vt 0.187500 0.600000
vt 0.062500 0.600000
vt 0.125000 0.687508
vt 0.187500 0.687508
vt 0.125000 0.600000
vt 0.062500 0.687500
vt 0.125000 0.687500
vt 0.125000 0.750008
vt 0.187500 0.687500
s 1
usemtl 02_-_Default.007
f 137/269/100 142/279/100 138/270/100
f 138/271/101 139/274/101 137/267/101
f 139/273/102 140/276/102 137/268/102
f 141/278/103 142/279/103 140/275/103
f 138/272/104 143/280/104 144/281/104
f 139/274/105 143/280/105 141/278/105
f 137/269/100 140/275/100 142/279/100
f 138/271/101 144/282/101 139/274/101
f 139/273/102 141/277/102 140/276/102
f 141/278/103 143/280/103 142/279/103
f 138/272/104 142/279/104 143/280/104
f 139/274/105 144/282/105 143/280/105
o Pig.018
v 5.445613 -0.662721 -8.100041
v 5.445613 -0.510321 -8.100041
v 5.507728 -0.662721 -8.019640
v 5.365212 -0.662721 -8.037928
v 5.427326 -0.662721 -7.957526
v 5.365212 -0.510321 -8.037928
v 5.427326 -0.510321 -7.957526
v 5.507728 -0.510321 -8.019640
vn -0.6114 -0.0000 -0.7914
vn 0.7914 -0.0000 -0.6114
vn -0.0000 -1.0000 -0.0000
vn -0.7914 -0.0000 0.6114
vn -0.0000 1.0000 -0.0000
vn 0.6114 -0.0000 0.7914
vt 0.250000 0.600000
vt 0.125000 0.750008
vt 0.000000 0.600000
vt 0.000000 0.687500
vt 0.250000 0.687500
vt 0.062500 0.750000
vt 0.187500 0.750008
vt 0.187500 0.600000
vt 0.062500 0.600000
vt 0.125000 0.687508
vt 0.187500 0.687508
vt 0.125000 0.600000
vt 0.062500 0.687500
vt 0.125000 0.687500
vt 0.125000 0.750008
vt 0.187500 0.687500
s 1
usemtl 02_-_Default.007
f 145/285/106 150/295/106 146/286/106
f 146/287/107 147/290/107 145/283/107
f 147/289/108 148/292/108 145/284/108
f 149/294/109 150/295/109 148/291/109
f 146/288/110 151/296/110 152/297/110
f 147/290/111 151/296/111 149/294/111
f 145/285/106 148/291/106 150/295/106
f 146/287/107 152/298/107 147/290/107
f 147/289/108 149/293/108 148/292/108
f 149/294/109 151/296/109 150/295/109
f 146/288/110 150/295/110 151/296/110
f 147/290/111 152/298/111 151/296/111
o Pig.019
v 5.593646 -0.662721 -8.406986
v 5.593646 -0.510321 -8.406986
v 5.655760 -0.662721 -8.326585
v 5.513245 -0.662721 -8.344872
v 5.575359 -0.662721 -8.264471
v 5.513245 -0.510321 -8.344872
v 5.575359 -0.510321 -8.264471
v 5.655760 -0.510321 -8.326585
vn -0.6114 -0.0000 -0.7914
vn 0.7914 -0.0000 -0.6114
vn -0.0000 -1.0000 -0.0000
vn -0.7914 -0.0000 0.6114
vn -0.0000 1.0000 -0.0000
vn 0.6114 -0.0000 0.7914
vt 0.250000 0.600000
vt 0.125000 0.750008
vt 0.000000 0.600000
vt 0.000000 0.687500
vt 0.250000 0.687500
vt 0.062500 0.750000
vt 0.187500 0.750008
vt 0.187500 0.600000
vt 0.062500 0.600000
vt 0.125000 0.687508
vt 0.187500 0.687508
vt 0.125000 0.600000
vt 0.062500 0.687500
vt 0.125000 0.687500
vt 0.125000 0.750008
vt 0.187500 0.687500
s 1
usemtl 02_-_Default.007
f 153/301/112 158/311/112 154/302/112
f 154/303/113 155/306/113 153/299/113
f 155/305/114 156/308/114 153/300/114
f 157/310/115 158/311/115 156/307/115
f 154/304/116 159/312/116 160/313/116
f 155/306/117 159/312/117 157/310/117
f 153/301/112 156/307/112 158/311/112
f 154/303/113 160/314/113 155/306/113
f 155/305/114 157/309/114 156/308/114
f 157/310/115 159/312/115 158/311/115
f 154/304/116 158/311/116 159/312/116
f 155/306/117 160/314/117 159/312/117
o Pig.020
v 5.686818 -0.662721 -8.286385
v 5.686818 -0.510321 -8.286385
v 5.748932 -0.662721 -8.205983
v 5.606416 -0.662721 -8.224270
v 5.668530 -0.662721 -8.143868
v 5.606416 -0.510321 -8.224270
v 5.668530 -0.510321 -8.143868
v 5.748932 -0.510321 -8.205983
vn -0.6114 -0.0000 -0.7914
vn 0.7914 -0.0000 -0.6114
vn -0.0000 -1.0000 -0.0000
vn -0.7914 -0.0000 0.6114
vn -0.0000 1.0000 -0.0000
vn 0.6114 -0.0000 0.7914
vt 0.250000 0.600000
vt 0.125000 0.750008
vt 0.000000 0.600000
vt 0.000000 0.687500
vt 0.250000 0.687500
vt 0.062500 0.750000
vt 0.187500 0.750008
vt 0.187500 0.600000
vt 0.062500 0.600000
vt 0.125000 0.687508
vt 0.187500 0.687508
vt 0.125000 0.600000
vt 0.062500 0.687500
vt 0.125000 0.687500
vt 0.125000 0.750008
vt 0.187500 0.687500
s 1
usemtl 02_-_Default.007
f 161/317/118 166/327/118 162/318/118
f 162/319/119 163/322/119 161/315/119
f 163/321/120 164/324/120 161/316/120
f 165/326/121 166/327/121 164/323/121
f 162/320/122 167/328/122 168/329/122
f 163/322/123 167/328/123 165/326/123
f 161/317/118 164/323/118 166/327/118
f 162/319/119 168/330/119 163/322/119
f 163/321/120 165/325/120 164/324/120
f 165/326/121 167/328/121 166/327/121
f 162/320/122 166/327/122 167/328/122
f 163/322/123 168/330/123 167/328/123
