# Blender 3.5.1
# www.blender.org
mtllib sapi.mtl
o Cow.002
v 5.990108 -0.170872 -6.734596
v 5.857132 -0.170872 -6.862278
v 6.160351 -0.170872 -6.911898
v 5.990108 0.074930 -6.734596
v 6.160351 0.074930 -6.911898
v 5.857132 0.074930 -6.862278
v 6.027374 0.074930 -7.039580
v 6.027374 -0.170872 -7.039580
vn -0.6926 -0.0000 0.7213
vn -0.0000 -1.0000 -0.0000
vn 0.7213 -0.0000 0.6926
vn -0.0000 1.0000 -0.0000
vn -0.7213 -0.0000 -0.6926
vn 0.6926 -0.0000 -0.7213
vt 0.218733 0.906301
vt 0.093742 0.781365
vt 0.000000 0.781365
vt 0.218733 1.000000
vt 0.437389 0.781365
vt 0.343734 0.906301
vt 0.218733 0.781365
vt 0.093742 0.905961
vt 0.218733 0.905961
vt 0.000000 0.905961
vt 0.093742 1.000000
vt 0.437389 0.905961
vt 0.218733 1.000000
vt 0.312536 0.905961
vt 0.343746 1.000000
vt 0.312536 0.781365
s 1
usemtl 02_-_Default.002
f 1/2/1 6/10/1 2/3/1
f 2/4/2 3/6/2 1/1/2
f 3/7/3 4/8/3 1/2/3
f 5/9/4 6/11/4 4/8/4
f 2/5/5 7/14/5 8/16/5
f 8/16/6 5/9/6 3/7/6
f 1/2/1 4/8/1 6/10/1
f 2/4/2 8/15/2 3/6/2
f 3/7/3 5/9/3 4/8/3
f 5/9/4 7/13/4 6/11/4
f 2/5/5 6/12/5 7/14/5
f 8/16/6 7/14/6 5/9/6
o Cow.003
v 5.924503 0.013479 -6.754994
v 5.902340 0.013479 -6.776275
v 5.945783 0.013479 -6.777157
v 5.924503 0.105655 -6.754994
v 5.945783 0.105655 -6.777157
v 5.902340 0.105655 -6.776275
v 5.923620 0.105655 -6.798437
v 5.923620 0.013479 -6.798437
vn -0.6926 -0.0000 0.7213
vn -0.0000 -1.0000 -0.0000
vn 0.7213 -0.0000 0.6926
vn -0.0000 1.0000 -0.0000
vn -0.7213 -0.0000 -0.6926
vn 0.6926 -0.0000 -0.7213
vt 0.375000 0.984368
vt 0.359223 0.937500
vt 0.343561 0.937500
vt 0.375000 1.000000
vt 0.406208 0.937500
vt 0.387500 0.984368
vt 0.374884 0.937500
vt 0.362500 0.984368
vt 0.359223 0.984368
vt 0.375000 0.984368
vt 0.374884 0.984368
vt 0.343561 0.984368
vt 0.362500 1.000000
vt 0.406208 0.984368
vt 0.375000 1.000000
vt 0.390546 0.984368
vt 0.387500 1.000000
vt 0.390546 0.937500
s 1
usemtl 02_-_Default.002
f 9/18/7 14/28/7 10/19/7
f 10/20/8 11/22/8 9/17/8
f 11/23/9 12/25/9 9/18/9
f 13/26/10 14/29/10 12/24/10
f 10/21/11 15/32/11 16/34/11
f 16/34/12 13/27/12 11/23/12
f 9/18/7 12/25/7 14/28/7
f 10/20/8 16/33/8 11/22/8
f 11/23/9 13/27/9 12/25/9
f 13/26/10 15/31/10 14/29/10
f 10/21/11 14/30/11 15/32/11
f 16/34/12 15/32/12 13/27/12
o Cow.004
v 6.116025 0.013479 -6.954459
v 6.093863 0.013479 -6.975739
v 6.137305 0.013479 -6.976622
v 6.116025 0.105655 -6.954459
v 6.137305 0.105655 -6.976622
v 6.093863 0.105655 -6.975739
v 6.115143 0.105655 -6.997901
v 6.115143 0.013479 -6.997901
vn -0.6926 -0.0000 0.7213
vn -0.0000 -1.0000 -0.0000
vn 0.7213 -0.0000 0.6926
vn -0.0000 1.0000 -0.0000
vn -0.7213 -0.0000 -0.6926
vn 0.6926 -0.0000 -0.7213
vt 0.375000 0.984368
vt 0.359223 0.937500
vt 0.343561 0.937500
vt 0.375000 1.000000
vt 0.406208 0.937500
vt 0.387500 0.984368
vt 0.374884 0.937500
vt 0.362500 0.984368
vt 0.359223 0.984368
vt 0.375000 0.984368
vt 0.374884 0.984368
vt 0.343561 0.984368
vt 0.362500 1.000000
vt 0.406208 0.984368
vt 0.375000 1.000000
vt 0.390546 0.984368
vt 0.387500 1.000000
vt 0.390546 0.937500
s 1
usemtl 02_-_Default.002
f 17/36/13 22/46/13 18/37/13
f 18/38/14 19/40/14 17/35/14
f 19/41/15 20/43/15 17/36/15
f 21/44/16 22/47/16 20/42/16
f 18/39/17 23/50/17 24/52/17
f 24/52/18 21/45/18 19/41/18
f 17/36/13 20/43/13 22/46/13
f 18/38/14 24/51/14 19/40/14
f 19/41/15 21/45/15 20/43/15
f 21/44/16 23/49/16 22/47/16
f 18/39/17 22/48/17 23/50/17
f 24/52/18 23/50/18 21/45/18
o Cow.005
v 5.814572 -0.662474 -6.817953
v 5.725921 -0.662474 -6.903074
v 5.899693 -0.662474 -6.906603
v 5.814572 -0.293772 -6.817953
v 5.899693 -0.293772 -6.906603
v 5.725921 -0.293772 -6.903074
v 5.811042 -0.293772 -6.991724
v 5.811042 -0.662474 -6.991724
vn -0.6926 -0.0000 0.7213
vn -0.0000 -1.0000 -0.0000
vn 0.7213 -0.0000 0.6926
vn -0.0000 1.0000 -0.0000
vn -0.7213 -0.0000 -0.6926
vn 0.6926 -0.0000 -0.7213
vt 0.125000 0.687500
vt 0.062500 0.500000
vt 0.000000 0.500000
vt 0.125000 0.750000
vt 0.250000 0.500000
vt 0.187500 0.687500
vt 0.125000 0.500000
vt 0.062500 0.687500
vt 0.125000 0.687500
vt 0.000000 0.687500
vt 0.062500 0.750000
vt 0.250000 0.687500
vt 0.125000 0.750000
vt 0.187500 0.687500
vt 0.187500 0.750000
vt 0.187500 0.500000
s 1
usemtl 02_-_Default.002
f 25/54/19 30/62/19 26/55/19
f 26/56/20 27/58/20 25/53/20
f 27/59/21 28/60/21 25/54/21
f 29/61/22 30/63/22 28/60/22
f 26/57/23 31/66/23 32/68/23
f 32/68/24 29/61/24 27/59/24
f 25/54/19 28/60/19 30/62/19
f 26/56/20 32/67/20 27/58/20
f 27/59/21 29/61/21 28/60/21
f 29/61/22 31/65/22 30/63/22
f 26/57/23 30/64/23 31/66/23
f 32/68/24 31/66/24 29/61/24
o Cow.006
v 5.984814 -0.662474 -6.995255
v 5.896163 -0.662474 -7.080375
v 6.069935 -0.662474 -7.083905
v 5.984814 -0.293772 -6.995255
v 6.069935 -0.293772 -7.083905
v 5.896163 -0.293772 -7.080375
v 5.981284 -0.293772 -7.169026
v 5.981284 -0.662474 -7.169026
vn -0.6926 -0.0000 0.7213
vn -0.0000 -1.0000 -0.0000
vn 0.7213 -0.0000 0.6926
vn -0.0000 1.0000 -0.0000
vn -0.7213 -0.0000 -0.6926
vn 0.6926 -0.0000 -0.7213
vt 0.125000 0.687500
vt 0.062500 0.500000
vt 0.000000 0.500000
vt 0.125000 0.750000
vt 0.250000 0.500000
vt 0.187500 0.687500
vt 0.125000 0.500000
vt 0.062500 0.687500
vt 0.125000 0.687500
vt 0.000000 0.687500
vt 0.062500 0.750000
vt 0.250000 0.687500
vt 0.125000 0.750000
vt 0.187500 0.687500
vt 0.187500 0.750000
vt 0.187500 0.500000
s 1
usemtl 02_-_Default.002
f 33/70/25 38/78/25 34/71/25
f 34/72/26 35/74/26 33/69/26
f 35/75/27 36/76/27 33/70/27
f 37/77/28 38/79/28 36/76/28
f 34/73/29 39/82/29 40/84/29
f 40/84/30 37/77/30 35/75/30
f 33/70/25 36/76/25 38/78/25
f 34/72/26 40/83/26 35/74/26
f 35/75/27 37/77/27 36/76/27
f 37/77/28 39/81/28 38/79/28
f 34/73/29 38/80/29 39/82/29
f 40/84/30 39/82/30 37/77/30
o Cow.007
v 5.504293 -0.662474 -7.115876
v 5.415643 -0.662474 -7.200997
v 5.589415 -0.662474 -7.204527
v 5.504293 -0.293772 -7.115876
v 5.589415 -0.293772 -7.204527
v 5.415643 -0.293772 -7.200997
v 5.500764 -0.293772 -7.289648
v 5.500764 -0.662474 -7.289648
vn -0.6926 -0.0000 0.7213
vn -0.0000 -1.0000 -0.0000
vn 0.7213 -0.0000 0.6926
vn -0.0000 1.0000 -0.0000
vn -0.7213 -0.0000 -0.6926
vn 0.6926 -0.0000 -0.7213
vt 0.125000 0.687500
vt 0.062500 0.500000
vt 0.000000 0.500000
vt 0.125000 0.750000
vt 0.250000 0.500000
vt 0.187500 0.687500
vt 0.125000 0.500000
vt 0.062500 0.687500
vt 0.125000 0.687500
vt 0.000000 0.687500
vt 0.062500 0.750000
vt 0.250000 0.687500
vt 0.125000 0.750000
vt 0.187500 0.687500
vt 0.187500 0.750000
vt 0.187500 0.500000
s 1
usemtl 02_-_Default.002
f 41/86/31 46/94/31 42/87/31
f 42/88/32 43/90/32 41/85/32
f 43/91/33 44/92/33 41/86/33
f 45/93/34 46/95/34 44/92/34
f 42/89/35 47/98/35 48/100/35
f 48/100/36 45/93/36 43/91/36
f 41/86/31 44/92/31 46/94/31
f 42/88/32 48/99/32 43/90/32
f 43/91/33 45/93/33 44/92/33
f 45/93/34 47/97/34 46/95/34
f 42/89/35 46/96/35 47/98/35
f 48/100/36 47/98/36 45/93/36
o Cow.008
v 5.674536 -0.662474 -7.293178
v 5.585885 -0.662474 -7.378299
v 5.759657 -0.662474 -7.381829
v 5.674536 -0.293772 -7.293178
v 5.759657 -0.293772 -7.381829
v 5.585885 -0.293772 -7.378299
v 5.671006 -0.293772 -7.466950
v 5.671006 -0.662474 -7.466950
vn -0.6926 -0.0000 0.7213
vn -0.0000 -1.0000 -0.0000
vn 0.7213 -0.0000 0.6926
vn -0.0000 1.0000 -0.0000
vn -0.7213 -0.0000 -0.6926
vn 0.6926 -0.0000 -0.7213
vt 0.125000 0.687500
vt 0.062500 0.500000
vt 0.000000 0.500000
vt 0.125000 0.750000
vt 0.250000 0.500000
vt 0.187500 0.687500
vt 0.125000 0.500000
vt 0.062500 0.687500
vt 0.125000 0.687500
vt 0.000000 0.687500
vt 0.062500 0.750000
vt 0.250000 0.687500
vt 0.125000 0.750000
vt 0.187500 0.687500
vt 0.187500 0.750000
vt 0.187500 0.500000
s 1
usemtl 02_-_Default.002
f 49/102/37 54/110/37 50/103/37
f 50/104/38 51/106/38 49/101/38
f 51/107/39 52/108/39 49/102/39
f 53/109/40 54/111/40 52/108/40
f 50/105/41 55/114/41 56/116/41
f 56/116/42 53/109/42 51/107/42
f 49/102/37 52/108/37 54/110/37
f 50/104/38 56/115/38 51/106/38
f 51/107/39 53/109/39 52/108/39
f 53/109/40 55/113/40 54/111/40
f 50/105/41 54/112/41 55/114/41
f 56/116/42 55/114/42 53/109/42
o Cow
v 5.814572 -0.293772 -6.817953
v 6.069935 -0.293772 -7.083905
v 5.415643 -0.293772 -7.200997
v 5.671006 -0.293772 -7.466950
v 5.814572 0.013479 -6.817953
v 6.069935 0.013479 -7.083905
v 5.415643 0.013479 -7.200997
v 5.671006 0.013479 -7.466950
vn -0.0000 -1.0000 -0.0000
vn -0.0000 1.0000 -0.0000
vn 0.7213 -0.0000 0.6926
vn 0.6926 -0.0000 -0.7213
vn -0.7213 -0.0000 -0.6926
vn -0.6926 -0.0000 0.7213
vt 0.437471 0.781374
vt 0.625000 0.781374
vt 0.437471 0.500000
vt 0.812302 0.781374
vt 0.625000 0.781374
vt 0.625000 0.500000
vt 0.968583 0.781374
vt 0.437500 0.937500
vt 0.281316 0.781374
vt 0.625000 0.937500
vt 0.781125 0.781374
vt 0.968583 0.500000
vt 0.812500 0.937500
vt 0.281316 0.500000
vt 0.781125 0.500000
vt 0.625000 0.937500
s 1
usemtl 02_-_Default.002
f 59/119/43 58/118/43 57/117/43
f 62/127/44 63/128/44 61/123/44
f 58/118/45 61/124/45 57/117/45
f 60/122/46 62/127/46 58/118/46
f 59/120/47 64/132/47 60/121/47
f 57/117/48 63/130/48 59/119/48
f 59/119/43 60/122/43 58/118/43
f 62/127/44 64/131/44 63/128/44
f 58/118/45 62/126/45 61/124/45
f 60/122/46 64/131/46 62/127/46
f 59/120/47 63/129/47 64/132/47
f 57/117/48 61/125/48 63/130/48
o Cow.009
v 4.273175 -0.170872 -9.136304
v 4.367676 -0.170872 -8.978016
v 4.062125 -0.170872 -9.010303
v 4.273175 0.074930 -9.136304
v 4.062125 0.074930 -9.010303
v 4.367676 0.074930 -8.978016
v 4.156626 0.074930 -8.852015
v 4.156626 -0.170872 -8.852015
vn 0.8586 -0.0000 -0.5126
vn -0.0000 -1.0000 -0.0000
vn -0.5126 -0.0000 -0.8586
vn -0.0000 1.0000 -0.0000
vn 0.5126 -0.0000 0.8586
vn -0.8586 -0.0000 0.5126
vt 0.218733 0.906301
vt 0.093742 0.781365
vt 0.000000 0.781365
vt 0.218733 1.000000
vt 0.437389 0.781365
vt 0.343734 0.906301
vt 0.218733 0.781365
vt 0.093742 0.905961
vt 0.218733 0.905961
vt 0.000000 0.905961
vt 0.093742 1.000000
vt 0.437389 0.905961
vt 0.218733 1.000000
vt 0.312536 0.905961
vt 0.343746 1.000000
vt 0.312536 0.781365
s 1
usemtl 02_-_Default.005
f 65/134/49 70/142/49 66/135/49
f 66/136/50 67/138/50 65/133/50
f 67/139/51 68/140/51 65/134/51
f 69/141/52 70/143/52 68/140/52
f 66/137/53 71/146/53 72/148/53
f 72/148/54 69/141/54 67/139/54
f 65/134/49 68/140/49 70/142/49
f 66/136/50 72/147/50 67/138/50
f 67/139/51 69/141/51 68/140/51
f 69/141/52 71/145/52 70/143/52
f 66/137/53 70/144/53 71/146/53
f 72/148/54 71/146/54 69/141/54
o Cow.010
v 4.331057 0.013479 -9.099292
v 4.346807 0.013479 -9.072910
v 4.304675 0.013479 -9.083541
v 4.331057 0.105655 -9.099291
v 4.304675 0.105655 -9.083541
v 4.346807 0.105655 -9.072910
v 4.320425 0.105655 -9.057160
v 4.320425 0.013479 -9.057160
vn 0.8586 -0.0000 -0.5126
vn -0.0000 -1.0000 -0.0000
vn -0.5126 -0.0000 -0.8586
vn -0.0000 1.0000 -0.0000
vn 0.5126 -0.0000 0.8586
vn -0.8586 -0.0000 0.5126
vt 0.375000 0.984368
vt 0.359223 0.937500
vt 0.343561 0.937500
vt 0.375000 1.000000
vt 0.406208 0.937500
vt 0.387500 0.984368
vt 0.374884 0.937500
vt 0.362500 0.984368
vt 0.359223 0.984368
vt 0.375000 0.984368
vt 0.374884 0.984368
vt 0.343561 0.984368
vt 0.362500 1.000000
vt 0.406208 0.984368
vt 0.375000 1.000000
vt 0.390546 0.984368
vt 0.387500 1.000000
vt 0.390546 0.937500
s 1
usemtl 02_-_Default.005
f 73/150/55 78/160/55 74/151/55
f 74/152/56 75/154/56 73/149/56
f 75/155/57 76/157/57 73/150/57
f 77/158/58 78/161/58 76/156/58
f 74/153/59 79/164/59 80/166/59
f 80/166/60 77/159/60 75/155/60
f 73/150/55 76/157/55 78/160/55
f 74/152/56 80/165/56 75/154/56
f 75/155/57 77/159/57 76/157/57
f 77/158/58 79/163/58 78/161/58
f 74/153/59 78/162/59 79/164/59
f 80/166/60 79/164/60 77/159/60
o Cow.011
v 4.093625 0.013479 -8.957541
v 4.109375 0.013479 -8.931159
v 4.067244 0.013479 -8.941791
v 4.093625 0.105655 -8.957541
v 4.067244 0.105655 -8.941791
v 4.109375 0.105655 -8.931159
v 4.082994 0.105655 -8.915409
v 4.082994 0.013479 -8.915409
vn 0.8586 -0.0000 -0.5126
vn -0.0000 -1.0000 -0.0000
vn -0.5126 -0.0000 -0.8586
vn -0.0000 1.0000 -0.0000
vn 0.5126 -0.0000 0.8586
vn -0.8586 -0.0000 0.5126
vt 0.375000 0.984368
vt 0.359223 0.937500
vt 0.343561 0.937500
vt 0.375000 1.000000
vt 0.406208 0.937500
vt 0.387500 0.984368
vt 0.374884 0.937500
vt 0.362500 0.984368
vt 0.359223 0.984368
vt 0.375000 0.984368
vt 0.374884 0.984368
vt 0.343561 0.984368
vt 0.362500 1.000000
vt 0.406208 0.984368
vt 0.375000 1.000000
vt 0.390546 0.984368
vt 0.387500 1.000000
vt 0.390546 0.937500
s 1
usemtl 02_-_Default.005
f 81/168/61 86/178/61 82/169/61
f 82/170/62 83/172/62 81/167/62
f 83/173/63 84/175/63 81/168/63
f 85/176/64 86/179/64 84/174/64
f 82/171/65 87/182/65 88/184/65
f 88/184/66 85/177/66 83/173/66
f 81/168/61 84/175/61 86/178/61
f 82/170/62 88/183/62 83/172/62
f 83/173/63 85/177/63 84/175/63
f 85/176/64 87/181/64 86/179/64
f 82/171/65 86/180/65 87/182/65
f 88/184/66 87/182/66 85/177/66
o Cow.001
v 4.420438 -0.293772 -9.009517
v 4.103863 -0.293772 -8.820516
v 4.703940 -0.293772 -8.534654
v 4.387365 -0.293772 -8.345653
v 4.420438 0.013479 -9.009517
v 4.103863 0.013479 -8.820515
v 4.703940 0.013479 -8.534654
v 4.387365 0.013479 -8.345653
vn -0.0000 -1.0000 -0.0000
vn -0.0000 1.0000 -0.0000
vn -0.5126 -0.0000 -0.8586
vn -0.8586 -0.0000 0.5126
vn 0.5126 -0.0000 0.8586
vn 0.8586 -0.0000 -0.5126
vt 0.437471 0.781374
vt 0.625000 0.781374
vt 0.437471 0.500000
vt 0.812302 0.781374
vt 0.625000 0.781374
vt 0.625000 0.500000
vt 0.968583 0.781374
vt 0.437500 0.937500
vt 0.281316 0.781374
vt 0.625000 0.937500
vt 0.781125 0.781374
vt 0.968583 0.500000
vt 0.812500 0.937500
vt 0.281316 0.500000
vt 0.781125 0.500000
vt 0.625000 0.937500
s 1
usemtl 02_-_Default.005
f 91/187/67 90/186/67 89/185/67
f 94/195/68 95/196/68 93/191/68
f 90/186/69 93/192/69 89/185/69
f 92/190/70 94/195/70 90/186/70
f 91/188/71 96/200/71 92/189/71
f 89/185/72 95/198/72 91/187/72
f 91/187/67 92/190/67 90/186/67
f 94/195/68 96/199/68 95/196/68
f 90/186/69 94/194/69 93/192/69
f 92/190/70 96/199/70 94/195/70
f 91/188/71 95/197/71 96/200/71
f 89/185/72 93/193/72 95/198/72
o Cow.012
v 4.420438 -0.662474 -9.009517
v 4.483438 -0.662474 -8.903992
v 4.314913 -0.662474 -8.946516
v 4.420438 -0.293772 -9.009517
v 4.314913 -0.293772 -8.946516
v 4.483438 -0.293772 -8.903992
v 4.377913 -0.293772 -8.840991
v 4.377913 -0.662474 -8.840991
vn 0.8586 -0.0000 -0.5126
vn -0.0000 -1.0000 -0.0000
vn -0.5126 -0.0000 -0.8586
vn -0.0000 1.0000 -0.0000
vn 0.5126 -0.0000 0.8586
vn -0.8586 -0.0000 0.5126
vt 0.125000 0.687500
vt 0.062500 0.500000
vt 0.000000 0.500000
vt 0.125000 0.750000
vt 0.250000 0.500000
vt 0.187500 0.687500
vt 0.125000 0.500000
vt 0.062500 0.687500
vt 0.125000 0.687500
vt 0.000000 0.687500
vt 0.062500 0.750000
vt 0.250000 0.687500
vt 0.125000 0.750000
vt 0.187500 0.687500
vt 0.187500 0.750000
vt 0.187500 0.500000
s 1
usemtl 02_-_Default.005
f 97/202/73 102/210/73 98/203/73
f 98/204/74 99/206/74 97/201/74
f 99/207/75 100/208/75 97/202/75
f 101/209/76 102/211/76 100/208/76
f 98/205/77 103/214/77 104/216/77
f 104/216/78 101/209/78 99/207/78
f 97/202/73 100/208/73 102/210/73
f 98/204/74 104/215/74 99/206/74
f 99/207/75 101/209/75 100/208/75
f 101/209/76 103/213/76 102/211/76
f 98/205/77 102/212/77 103/214/77
f 104/216/78 103/214/78 101/209/78
o Cow.013
v 4.209388 -0.662474 -8.883515
v 4.272388 -0.662474 -8.777990
v 4.103863 -0.662474 -8.820516
v 4.209388 -0.293772 -8.883515
v 4.103863 -0.293772 -8.820516
v 4.272388 -0.293772 -8.777990
v 4.166863 -0.293772 -8.714991
v 4.166863 -0.662474 -8.714991
vn 0.8586 -0.0000 -0.5126
vn -0.0000 -1.0000 -0.0000
vn -0.5126 -0.0000 -0.8586
vn -0.0000 1.0000 -0.0000
vn 0.5126 -0.0000 0.8586
vn -0.8586 -0.0000 0.5126
vt 0.125000 0.687500
vt 0.062500 0.500000
vt 0.000000 0.500000
vt 0.125000 0.750000
vt 0.250000 0.500000
vt 0.187500 0.687500
vt 0.125000 0.500000
vt 0.062500 0.687500
vt 0.125000 0.687500
vt 0.000000 0.687500
vt 0.062500 0.750000
vt 0.250000 0.687500
vt 0.125000 0.750000
vt 0.187500 0.687500
vt 0.187500 0.750000
vt 0.187500 0.500000
s 1
usemtl 02_-_Default.005
f 105/218/79 110/226/79 106/219/79
f 106/220/80 107/222/80 105/217/80
f 107/223/81 108/224/81 105/218/81
f 109/225/82 110/227/82 108/224/82
f 106/221/83 111/230/83 112/232/83
f 112/232/84 109/225/84 107/223/84
f 105/218/79 108/224/79 110/226/79
f 106/220/80 112/231/80 107/222/80
f 107/223/81 109/225/81 108/224/81
f 109/225/82 111/229/82 110/227/82
f 106/221/83 110/228/83 111/230/83
f 112/232/84 111/230/84 109/225/84
o Cow.014
v 4.640940 -0.662474 -8.640179
v 4.703940 -0.662474 -8.534654
v 4.535415 -0.662474 -8.577179
v 4.640940 -0.293772 -8.640179
v 4.535415 -0.293772 -8.577179
v 4.703940 -0.293772 -8.534654
v 4.598415 -0.293772 -8.471654
v 4.598415 -0.662474 -8.471654
vn 0.8586 -0.0000 -0.5126
vn -0.0000 -1.0000 -0.0000
vn -0.5126 -0.0000 -0.8586
vn -0.0000 1.0000 -0.0000
vn 0.5126 -0.0000 0.8586
vn -0.8586 -0.0000 0.5126
vt 0.125000 0.687500
vt 0.062500 0.500000
vt 0.000000 0.500000
vt 0.125000 0.750000
vt 0.250000 0.500000
vt 0.187500 0.687500
vt 0.125000 0.500000
vt 0.062500 0.687500
vt 0.125000 0.687500
vt 0.000000 0.687500
vt 0.062500 0.750000
vt 0.250000 0.687500
vt 0.125000 0.750000
vt 0.187500 0.687500
vt 0.187500 0.750000
vt 0.187500 0.500000
s 1
usemtl 02_-_Default.005
f 113/234/85 118/242/85 114/235/85
f 114/236/86 115/238/86 113/233/86
f 115/239/87 116/240/87 113/234/87
f 117/241/88 118/243/88 116/240/88
f 114/237/89 119/246/89 120/248/89
f 120/248/90 117/241/90 115/239/90
f 113/234/85 116/240/85 118/242/85
f 114/236/86 120/247/86 115/238/86
f 115/239/87 117/241/87 116/240/87
f 117/241/88 119/245/88 118/243/88
f 114/237/89 118/244/89 119/246/89
f 120/248/90 119/246/90 117/241/90
o Cow.015
v 4.429890 -0.662474 -8.514178
v 4.492890 -0.662474 -8.408653
v 4.324365 -0.662474 -8.451178
v 4.429890 -0.293772 -8.514178
v 4.324365 -0.293772 -8.451178
v 4.492890 -0.293772 -8.408653
v 4.387365 -0.293772 -8.345653
v 4.387365 -0.662474 -8.345653
vn 0.8586 -0.0000 -0.5126
vn -0.0000 -1.0000 -0.0000
vn -0.5126 -0.0000 -0.8586
vn -0.0000 1.0000 -0.0000
vn 0.5126 -0.0000 0.8586
vn -0.8586 -0.0000 0.5126
vt 0.125000 0.687500
vt 0.062500 0.500000
vt 0.000000 0.500000
vt 0.125000 0.750000
vt 0.250000 0.500000
vt 0.187500 0.687500
vt 0.125000 0.500000
vt 0.062500 0.687500
vt 0.125000 0.687500
vt 0.000000 0.687500
vt 0.062500 0.750000
vt 0.250000 0.687500
vt 0.125000 0.750000
vt 0.187500 0.687500
vt 0.187500 0.750000
vt 0.187500 0.500000
s 1
usemtl 02_-_Default.005
f 121/250/91 126/258/91 122/251/91
f 122/252/92 123/254/92 121/249/92
f 123/255/93 124/256/93 121/250/93
f 125/257/94 126/259/94 124/256/94
f 122/253/95 127/262/95 128/264/95
f 128/264/96 125/257/96 123/255/96
f 121/250/91 124/256/91 126/258/91
f 122/252/92 128/263/92 123/254/92
f 123/255/93 125/257/93 124/256/93
f 125/257/94 127/261/94 126/259/94
f 122/253/95 126/260/95 127/262/95
f 128/264/96 127/262/96 125/257/96
